# Resultados dos Métodos de Raízes

## Bissecção
iter | a           | b           | erro            | f(x)             | x          
-----+-------------+-------------+-----------------+------------------+------------
   1 |           1 |           2 |             nan |           -0.125 |         1.5
   2 |         1.5 |           2 |            0.25 |         1.609375 |        1.75
   3 |         1.5 |        1.75 |           0.125 |      0.666015625 |       1.625
   4 |         1.5 |       1.625 |          0.0625 |     0.2521972656 |      1.5625
   5 |         1.5 |      1.5625 |         0.03125 |    0.05911254883 |     1.53125
   6 |         1.5 |     1.53125 |        0.015625 |   -0.03405380249 |    1.515625
   7 |    1.515625 |     1.53125 |       0.0078125 |    0.01225042343 |   1.5234375
   8 |    1.515625 |   1.5234375 |      0.00390625 |   -0.01097124815 |  1.51953125
   9 |  1.51953125 |   1.5234375 |     0.001953125 |  0.0006221756339 | 1.521484375
  10 |  1.51953125 | 1.521484375 |    0.0009765625 |  -0.005178886466 | 1.520507812
  11 | 1.520507812 | 1.521484375 |   0.00048828125 |  -0.002279443317 | 1.520996094
  12 | 1.520996094 | 1.521484375 |  0.000244140625 | -0.0008289058605 | 1.521240234
  13 | 1.521240234 | 1.521484375 | 0.0001220703125 | -0.0001034331235 | 1.521362305
  14 | 1.521362305 | 1.521484375 | 6.103515625e-05 |   0.000259354252 |  1.52142334
  15 | 1.521362305 |  1.52142334 | 3.051757812e-05 |   7.79563135e-05 | 1.521392822
  16 | 1.521362305 | 1.521392822 | 1.525878906e-05 | -1.273946767e-05 | 1.521377563
  17 | 1.521377563 | 1.521392822 | 7.629394531e-06 |  3.260815725e-05 | 1.521385193
  18 | 1.521377563 | 1.521385193 | 3.814697266e-06 |  9.934278369e-06 | 1.521381378
  19 | 1.521377563 | 1.521381378 | 1.907348633e-06 | -1.402611257e-06 | 1.521379471
  20 | 1.521379471 | 1.521381378 | 9.536743164e-07 |  4.265829405e-06 | 1.521380424

## Iterativo Linear (Ponto Fixo)
iter | erro            | g(x_prev)   | x          
-----+-----------------+-------------+------------
   1 |   0.01829448594 | 1.518294486 | 1.518294486
   2 |  0.002640777279 | 1.520935263 | 1.520935263
   3 | 0.0003804349736 | 1.521315698 | 1.521315698
   4 | 5.479044728e-05 | 1.521370489 | 1.521370489
   5 |  7.89062426e-06 | 1.521378379 | 1.521378379
   6 | 1.136358341e-06 | 1.521379516 | 1.521379516
   7 | 1.636510791e-07 | 1.521379679 | 1.521379679

## Newton
iter | erro            | f'(x)       | f(x)           | x          
-----+-----------------+-------------+----------------+------------
   1 |   0.02173913043 |        5.75 |         -0.125 |  1.52173913
   2 |   0.00035932447 | 5.947069943 | 0.002136927755 | 1.521379806
   3 | 9.916021115e-08 | 5.943789542 | 5.89387426e-07 | 1.521379707

## Secante
iter | erro            | f(x_k)           | x_k         | x_{k+1}     | x_{k-1}    
-----+-----------------+------------------+-------------+-------------+------------
   1 |   0.07987117552 |            0.496 |         1.6 | 1.520128824 |         1.5
   2 |  0.001178461562 |  -0.007427840585 | 1.520128824 | 1.521307286 |         1.6
   3 | 7.249037938e-05 | -0.0004304297906 | 1.521307286 | 1.521379776 | 1.520128824
   4 | 6.961690535e-08 |   4.13765183e-07 | 1.521379776 | 1.521379707 | 1.521307286

## Regula Falsi
iter | a           | b | erro            | f(x)             | x          
-----+-------------+---+-----------------+------------------+------------
   1 |           1 | 2 |             nan |     -0.962962963 | 1.333333333
   2 | 1.333333333 | 2 |    0.1293532338 |    -0.3333388748 | 1.462686567
   3 | 1.462686567 | 2 |   0.04133243679 |    -0.1018179766 | 1.504019004
   4 | 1.504019004 | 2 |   0.01231156081 |   -0.02989480442 | 1.516330565
   5 | 1.516330565 | 2 |  0.003587985263 |  -0.008675065851 |  1.51991855
   6 |  1.51991855 | 2 |  0.001038931349 |  -0.002508805135 | 1.520957481
   7 | 1.520957481 | 2 | 0.0003002677544 | -0.0007248227786 | 1.521257749
   8 | 1.521257749 | 2 | 8.673510524e-05 | -0.0002093498671 | 1.521344484
   9 | 1.521344484 | 2 | 2.505030608e-05 | -6.046133253e-05 | 1.521369535
  10 | 1.521369535 | 2 |  7.23454958e-06 | -1.746113183e-05 | 1.521376769
  11 | 1.521376769 | 2 | 2.089316712e-06 | -5.042710999e-06 | 1.521378858
  12 | 1.521378858 | 2 | 6.033862632e-07 | -1.456313595e-06 | 1.521379462

